0.999992 -0.000294 -0.004056 -0.000094
0.000296 1.000000 0.000688 0.000326
0.004056 -0.000689 0.999991 -0.000204
0.000000 0.000000 0.000000 1.000000
