0.999983 -0.003133 0.004913 -0.000440
0.003141 0.999994 -0.001680 -0.000464
-0.004908 0.001695 0.999986 0.004983
0.000000 0.000000 0.000000 1.000000
