0.999998 -0.001783 0.000446 -0.000093
0.001783 0.999998 -0.001139 -0.000108
-0.000444 0.001139 0.999999 0.001241
0.000000 0.000000 0.000000 1.000000
